30
7
2
#;0;128,128,128,128,128,128;;;#;0;128,128,128,128,128,128;;;
≥…≤ΩÃ√¡˙“ª                                                  
============================================================
==Objection!##############################################==
==########################################################==
==########################################################==
==########################################################==
============================================================
000000000011111111111111111111111111111111111111111111111111
000000000000000000000000000000000000000000000000000000000000
000000000000000000000000000000000000000000000000000000000000
000000000000000000000000000000000000000000000000000000000000
000000000000000000000000000000000000000000000000000000000000
000000000000000000000000000000000000000000000000000000000000
000000000000000000000000000000000000000000000000000000000000
255,255,255,0,0,255;255,255,255,0,0,255;255,255,255,0,0,255;255,255,255,0,0,255;255,255,255,0,0,255;255,255,255,0,0,255;255,255,255,0,0,255;255,255,255,0,0,255;255,255,255,0,0,255;255,255,255,0,0,255;128,128,128,0,0,0;128,128,128,0,0,0;128,128,128,0,0,0;128,128,128,0,0,0;128,128,128,0,0,0;128,128,128,0,0,0;128,128,128,0,0,0;128,128,128,0,0,0;128,128,128,0,0,0;128,128,128,0,0,0;128,128,128,0,0,0;128,128,128,0,0,0;128,128,128,0,0,0;128,128,128,0,0,0;128,128,128,0,0,0;128,128,128,0,0,0;128,128,128,0,0,0;128,128,128,0,0,0;128,128,128,0,0,0;128,128,128,0,0,0;128,128,128,0,0,0;128,128,128,0,0,0;128,128,128,0,0,0;128,128,128,0,0,0;128,128,128,0,0,0;128,128,128,0,0,0;128,128,128,0,0,0;128,128,128,0,0,0;128,128,128,0,0,0;128,128,128,0,0,0;128,128,128,0,0,0;128,128,128,0,0,0;128,128,128,0,0,0;128,128,128,0,0,0;128,128,128,0,0,0;128,128,128,0,0,0;128,128,128,0,0,0;128,128,128,0,0,0;128,128,128,0,0,0;128,128,128,0,0,0;128,128,128,0,0,0;128,128,128,0,0,0;128,128,128,0,0,0;128,128,128,0,0,0;128,128,128,0,0,0;128,128,128,0,0,0;128,128,128,0,0,0;128,128,128,0,0,0;128,128,128,0,0,0;128,128,128,0,0,0;
255,255,255,128,128,128;255,255,255,128,128,128;255,255,255,128,128,128;255,255,255,128,128,128;255,255,255,128,128,128;255,255,255,128,128,128;255,255,255,128,128,128;255,255,255,128,128,128;255,255,255,128,128,128;255,255,255,128,128,128;255,255,255,128,128,128;255,255,255,128,128,128;255,255,255,128,128,128;255,255,255,128,128,128;255,255,255,128,128,128;255,255,255,128,128,128;255,255,255,128,128,128;255,255,255,128,128,128;255,255,255,128,128,128;255,255,255,128,128,128;255,255,255,128,128,128;255,255,255,128,128,128;255,255,255,128,128,128;255,255,255,128,128,128;255,255,255,128,128,128;255,255,255,128,128,128;255,255,255,128,128,128;255,255,255,128,128,128;255,255,255,128,128,128;255,255,255,128,128,128;255,255,255,128,128,128;255,255,255,128,128,128;255,255,255,128,128,128;255,255,255,128,128,128;255,255,255,128,128,128;255,255,255,128,128,128;255,255,255,128,128,128;255,255,255,128,128,128;255,255,255,128,128,128;255,255,255,128,128,128;255,255,255,128,128,128;255,255,255,128,128,128;255,255,255,128,128,128;255,255,255,128,128,128;255,255,255,128,128,128;255,255,255,128,128,128;255,255,255,128,128,128;255,255,255,128,128,128;255,255,255,128,128,128;255,255,255,128,128,128;255,255,255,128,128,128;255,255,255,128,128,128;255,255,255,128,128,128;255,255,255,128,128,128;255,255,255,128,128,128;255,255,255,128,128,128;255,255,255,128,128,128;255,255,255,128,128,128;255,255,255,128,128,128;255,255,255,128,128,128;
255,255,255,128,128,128;255,255,255,128,128,128;255,255,255,128,128,128;255,255,255,128,128,128;255,255,255,128,128,128;255,255,255,128,128,128;255,255,255,128,128,128;255,255,255,128,128,128;255,255,255,128,128,128;255,255,255,128,128,128;255,255,255,128,128,128;255,255,255,128,128,128;128,128,128,128,128,128;128,128,128,128,128,128;128,128,128,128,128,128;128,128,128,128,128,128;128,128,128,128,128,128;128,128,128,128,128,128;128,128,128,128,128,128;128,128,128,128,128,128;128,128,128,128,128,128;128,128,128,128,128,128;128,128,128,128,128,128;128,128,128,128,128,128;128,128,128,128,128,128;128,128,128,128,128,128;128,128,128,128,128,128;128,128,128,128,128,128;128,128,128,128,128,128;128,128,128,128,128,128;128,128,128,128,128,128;128,128,128,128,128,128;128,128,128,128,128,128;128,128,128,128,128,128;128,128,128,128,128,128;128,128,128,128,128,128;128,128,128,128,128,128;128,128,128,128,128,128;128,128,128,128,128,128;128,128,128,128,128,128;128,128,128,128,128,128;128,128,128,128,128,128;128,128,128,128,128,128;128,128,128,128,128,128;128,128,128,128,128,128;128,128,128,128,128,128;128,128,128,128,128,128;128,128,128,128,128,128;128,128,128,128,128,128;128,128,128,128,128,128;128,128,128,128,128,128;128,128,128,128,128,128;128,128,128,128,128,128;128,128,128,128,128,128;128,128,128,128,128,128;128,128,128,128,128,128;128,128,128,128,128,128;128,128,128,128,128,128;255,255,255,128,128,128;255,255,255,128,128,128;
255,255,255,128,128,128;255,255,255,128,128,128;128,128,128,128,128,128;128,128,128,128,128,128;128,128,128,128,128,128;128,128,128,128,128,128;128,128,128,128,128,128;128,128,128,128,128,128;128,128,128,128,128,128;128,128,128,128,128,128;128,128,128,128,128,128;128,128,128,128,128,128;128,128,128,128,128,128;128,128,128,128,128,128;128,128,128,128,128,128;128,128,128,128,128,128;128,128,128,128,128,128;128,128,128,128,128,128;128,128,128,128,128,128;128,128,128,128,128,128;128,128,128,128,128,128;128,128,128,128,128,128;128,128,128,128,128,128;128,128,128,128,128,128;128,128,128,128,128,128;128,128,128,128,128,128;128,128,128,128,128,128;128,128,128,128,128,128;128,128,128,128,128,128;128,128,128,128,128,128;128,128,128,128,128,128;128,128,128,128,128,128;128,128,128,128,128,128;128,128,128,128,128,128;128,128,128,128,128,128;128,128,128,128,128,128;128,128,128,128,128,128;128,128,128,128,128,128;128,128,128,128,128,128;128,128,128,128,128,128;128,128,128,128,128,128;128,128,128,128,128,128;128,128,128,128,128,128;128,128,128,128,128,128;128,128,128,128,128,128;128,128,128,128,128,128;128,128,128,128,128,128;128,128,128,128,128,128;128,128,128,128,128,128;128,128,128,128,128,128;128,128,128,128,128,128;128,128,128,128,128,128;128,128,128,128,128,128;128,128,128,128,128,128;128,128,128,128,128,128;128,128,128,128,128,128;128,128,128,128,128,128;128,128,128,128,128,128;255,255,255,128,128,128;255,255,255,128,128,128;
255,255,255,128,128,128;255,255,255,128,128,128;128,128,128,128,128,128;128,128,128,128,128,128;128,128,128,128,128,128;128,128,128,128,128,128;128,128,128,128,128,128;128,128,128,128,128,128;128,128,128,128,128,128;128,128,128,128,128,128;128,128,128,128,128,128;128,128,128,128,128,128;128,128,128,128,128,128;128,128,128,128,128,128;128,128,128,128,128,128;128,128,128,128,128,128;128,128,128,128,128,128;128,128,128,128,128,128;128,128,128,128,128,128;128,128,128,128,128,128;128,128,128,128,128,128;128,128,128,128,128,128;128,128,128,128,128,128;128,128,128,128,128,128;128,128,128,128,128,128;128,128,128,128,128,128;128,128,128,128,128,128;128,128,128,128,128,128;128,128,128,128,128,128;128,128,128,128,128,128;128,128,128,128,128,128;128,128,128,128,128,128;128,128,128,128,128,128;128,128,128,128,128,128;128,128,128,128,128,128;128,128,128,128,128,128;128,128,128,128,128,128;128,128,128,128,128,128;128,128,128,128,128,128;128,128,128,128,128,128;128,128,128,128,128,128;128,128,128,128,128,128;128,128,128,128,128,128;128,128,128,128,128,128;128,128,128,128,128,128;128,128,128,128,128,128;128,128,128,128,128,128;128,128,128,128,128,128;128,128,128,128,128,128;128,128,128,128,128,128;128,128,128,128,128,128;128,128,128,128,128,128;128,128,128,128,128,128;128,128,128,128,128,128;128,128,128,128,128,128;128,128,128,128,128,128;128,128,128,128,128,128;128,128,128,128,128,128;255,255,255,128,128,128;255,255,255,128,128,128;
255,255,255,128,128,128;255,255,255,128,128,128;128,128,128,128,128,128;128,128,128,128,128,128;128,128,128,128,128,128;128,128,128,128,128,128;128,128,128,128,128,128;128,128,128,128,128,128;128,128,128,128,128,128;128,128,128,128,128,128;128,128,128,128,128,128;128,128,128,128,128,128;128,128,128,128,128,128;128,128,128,128,128,128;128,128,128,128,128,128;128,128,128,128,128,128;128,128,128,128,128,128;128,128,128,128,128,128;128,128,128,128,128,128;128,128,128,128,128,128;128,128,128,128,128,128;128,128,128,128,128,128;128,128,128,128,128,128;128,128,128,128,128,128;128,128,128,128,128,128;128,128,128,128,128,128;128,128,128,128,128,128;128,128,128,128,128,128;128,128,128,128,128,128;128,128,128,128,128,128;128,128,128,128,128,128;128,128,128,128,128,128;128,128,128,128,128,128;128,128,128,128,128,128;128,128,128,128,128,128;128,128,128,128,128,128;128,128,128,128,128,128;128,128,128,128,128,128;128,128,128,128,128,128;128,128,128,128,128,128;128,128,128,128,128,128;128,128,128,128,128,128;128,128,128,128,128,128;128,128,128,128,128,128;128,128,128,128,128,128;128,128,128,128,128,128;128,128,128,128,128,128;128,128,128,128,128,128;128,128,128,128,128,128;128,128,128,128,128,128;128,128,128,128,128,128;128,128,128,128,128,128;128,128,128,128,128,128;128,128,128,128,128,128;128,128,128,128,128,128;128,128,128,128,128,128;128,128,128,128,128,128;128,128,128,128,128,128;255,255,255,128,128,128;255,255,255,128,128,128;
255,255,255,128,128,128;255,255,255,128,128,128;255,255,255,128,128,128;255,255,255,128,128,128;255,255,255,128,128,128;255,255,255,128,128,128;255,255,255,128,128,128;255,255,255,128,128,128;255,255,255,128,128,128;255,255,255,128,128,128;255,255,255,128,128,128;255,255,255,128,128,128;255,255,255,128,128,128;255,255,255,128,128,128;255,255,255,128,128,128;255,255,255,128,128,128;255,255,255,128,128,128;255,255,255,128,128,128;255,255,255,128,128,128;255,255,255,128,128,128;255,255,255,128,128,128;255,255,255,128,128,128;255,255,255,128,128,128;255,255,255,128,128,128;255,255,255,128,128,128;255,255,255,128,128,128;255,255,255,128,128,128;255,255,255,128,128,128;255,255,255,128,128,128;255,255,255,128,128,128;255,255,255,128,128,128;255,255,255,128,128,128;255,255,255,128,128,128;255,255,255,128,128,128;255,255,255,128,128,128;255,255,255,128,128,128;255,255,255,128,128,128;255,255,255,128,128,128;255,255,255,128,128,128;255,255,255,128,128,128;255,255,255,128,128,128;255,255,255,128,128,128;255,255,255,128,128,128;255,255,255,128,128,128;255,255,255,128,128,128;255,255,255,128,128,128;255,255,255,128,128,128;255,255,255,128,128,128;255,255,255,128,128,128;255,255,255,128,128,128;255,255,255,128,128,128;255,255,255,128,128,128;255,255,255,128,128,128;255,255,255,128,128,128;255,255,255,128,128,128;255,255,255,128,128,128;255,255,255,128,128,128;255,255,255,128,128,128;255,255,255,128,128,128;255,255,255,128,128,128;
